1,Washington Capitals*,27.9,82,56,18,8,120,.732,248,191,4,2,0.70,-0.02,5.35,98,148,55,251,21.91,38,256,85.16,2,5,9.2,8.9,2510,9.9,2332,.918,3
2,Dallas Stars*,28.9,82,50,23,9,109,.665,265,228,2,2,0.45,-0.01,6.01,99,169,58,262,22.14,44,248,82.26,10,15,8.8,9.0,2624,10.1,2371,.904,5
3,St. Louis Blues*,28.0,82,49,24,9,107,.652,219,197,5,4,0.28,0.00,5.07,70,151,51,237,21.52,41,276,85.14,4,5,10.5,9.2,2474,8.9,2439,.919,10
4,Pittsburgh Penguins*,29.0,82,48,26,8,104,.634,241,199,4,4,0.50,-0.01,5.37,92,154,48,261,18.39,40,257,84.44,11,5,8.5,8.9,2722,8.9,2436,.918,6
5,Anaheim Ducks*,27.4,82,46,25,11,103,.628,215,188,3,4,0.27,-0.05,4.91,88,148,56,245,22.86,37,290,87.24,7,3,12.5,11.1,2483,8.7,2258,.917,8
6,Chicago Blackhawks*,28.6,82,47,26,9,103,.628,234,207,1,2,0.32,0.00,5.38,84,158,57,252,22.62,46,233,80.26,10,3,7.5,8.6,2498,9.4,2526,.918,8
7,Florida Panthers*,29.2,82,47,26,9,103,.628,232,200,7,3,0.42,-0.02,5.27,74,140,47,278,16.91,55,268,79.48,5,5,10.4,10.4,2358,9.8,2419,.917,4
8,Los Angeles Kings*,28.3,82,48,28,6,102,.622,223,192,2,3,0.32,-0.04,5.06,78,136,47,235,20.00,53,285,81.40,5,3,10.6,9.1,2625,8.5,2254,.915,7
9,New York Rangers*,29.6,82,46,27,9,101,.616,233,215,3,2,0.24,0.01,5.46,88,157,42,226,18.58,53,243,78.19,3,5,8.6,8.3,2336,10.0,2494,.914,5
10,New York Islanders*,27.9,82,45,27,10,100,.610,227,211,5,5,0.19,0.00,5.34,78,169,43,229,18.78,36,232,84.48,7,6,8.8,9.2,2412,9.4,2495,.915,4
11,San Jose Sharks*,29.1,82,46,30,6,98,.598,237,207,4,3,0.33,-0.05,5.41,85,154,62,275,22.55,46,236,80.51,6,7,8.9,11.0,2491,9.5,2245,.908,9
12,Tampa Bay Lightning*,27.3,82,46,31,5,97,.591,224,198,3,3,0.30,-0.02,5.15,60,150,44,279,15.77,41,257,84.05,7,7,9.9,10.6,2402,9.3,2366,.916,7
13,Philadelphia Flyers*,28.1,82,41,27,14,96,.585,211,210,3,8,-0.03,0.02,5.13,58,151,53,280,18.93,51,262,80.53,3,8,11.8,11.9,2540,8.3,2519,.917,7
14,Nashville Predators*,28.4,82,41,27,14,96,.585,224,213,4,2,0.17,0.01,5.33,90,165,51,259,19.69,46,245,81.22,7,2,9.9,9.8,2507,8.9,2242,.905,6
15,Boston Bruins,28.8,82,42,31,9,93,.567,236,228,4,2,0.11,-0.02,5.66,63,176,48,234,20.51,48,270,82.22,9,4,11.4,10.4,2620,9.0,2490,.908,5
16,Detroit Red Wings*,28.7,82,41,30,11,93,.567,209,219,2,5,-0.16,0.00,5.22,67,165,50,266,18.80,50,271,81.55,2,4,8.8,9.1,2432,8.6,2439,.910,6
17,Minnesota Wild*,28.0,82,38,33,11,87,.530,213,204,3,2,0.13,0.01,5.09,73,153,48,259,18.53,45,204,77.94,7,6,6.6,8.6,2374,9.0,2347,.913,8
18,Carolina Hurricanes,27.0,82,35,31,16,86,.524,196,221,2,5,-0.31,0.03,5.09,78,184,40,238,16.81,32,204,84.31,3,5,6.9,7.7,2451,8.0,2261,.902,3
19,Ottawa Senators,27.0,82,38,35,9,85,.518,230,241,6,6,-0.13,0.01,5.74,57,177,38,239,15.90,61,253,75.89,17,3,10.9,11.0,2325,9.9,2688,.910,5
20,New Jersey Devils,27.9,82,38,36,8,84,.512,182,202,2,6,-0.28,0.02,4.68,52,149,51,256,19.92,45,264,82.95,5,8,9.9,9.2,2003,9.1,2349,.914,7
21,Colorado Avalanche,28.3,82,39,39,4,82,.500,212,240,4,0,-0.26,0.03,5.51,71,180,48,266,18.05,51,258,80.23,7,9,9.4,9.4,2348,9.0,2649,.909,5
22,Montreal Canadiens,28.0,82,38,38,6,82,.500,216,233,5,3,-0.18,0.00,5.48,64,176,42,259,16.22,46,254,81.89,8,11,9.4,9.9,2504,8.6,2408,.903,3
23,Buffalo Sabres,26.2,82,35,36,11,81,.494,199,215,2,7,-0.25,0.01,5.05,51,171,48,254,18.90,38,218,82.57,6,6,9.1,10.2,2418,8.2,2511,.914,2
24,Winnipeg Jets,26.8,82,35,39,8,78,.476,212,236,3,3,-0.26,0.03,5.46,62,171,38,257,14.79,61,282,78.37,10,4,11.2,10.4,2427,8.7,2423,.903,3
25,Arizona Coyotes,27.6,82,35,39,8,78,.476,208,244,1,1,-0.43,0.01,5.51,73,161,53,300,17.67,69,304,77.30,4,14,12.3,11.5,2265,9.2,2539,.904,5
26,Calgary Flames,27.7,82,35,40,7,77,.470,229,257,2,3,-0.36,-0.01,5.93,76,193,46,270,17.04,57,234,75.64,10,7,9.2,9.5,2398,9.5,2377,.892,3
27,Columbus Blue Jackets,26.5,82,34,40,8,76,.463,213,248,6,4,-0.38,0.03,5.62,77,187,43,248,17.34,53,279,81.00,3,8,12.1,10.7,2387,8.9,2550,.903,1
28,Vancouver Canucks,28.9,82,31,38,13,75,.457,186,239,5,4,-0.62,0.02,5.18,47,184,39,247,15.79,47,249,81.12,4,8,10.0,10.0,2311,8.0,2668,.910,1
29,Edmonton Oilers,26.4,82,31,43,8,70,.427,199,242,4,3,-0.51,0.00,5.38,70,188,43,237,18.14,49,254,80.71,5,6,9.7,9.2,2386,8.3,2548,.905,3
30,Toronto Maple Leafs,27.4,82,29,42,11,69,.421,192,240,6,6,-0.56,0.03,5.27,49,182,40,259,15.44,50,272,81.62,3,8,9.2,9.0,2515,7.6,2503,.904,4